Classe;ponto1;ponto2;ponto3;ponto4;ponto5;ponto6;ponto7;ponto8;ponto9;ponto10
Classe1;240,412;254,314;327,253;404,316;414,414;328,402;278,519;275,597;359,519;358,595;
Classe1;237,412;252,319;321,259;398,321;416,416;326,418;279,528;276,606;358,521;356,605;
Classe1;239,414;250,314;319,255;397,316;412,414;320,415;272,521;272,600;365,523;355,600;
Classe1;234,426;216,327;313,254;406,319;403,421;318,420;262,551;261,617;373,555;370,616;
Classe1;245,431;231,325;320,254;414,317;420,423;326,421;280,551;271,619;381,556;381,614;
Classe2;236,435;273,350;334,307;401,351;417,434;330,398;263,412;364,476;346,493;335,560;
Classe2;260,346;266,312;325,265;394,300;389,354;287,376;387,387;368,427;336,474;
Classe2;261,337;266,306;332,257;399,296;394,346;292,367;396,377;373,420;339,465;
Classe2;283,372;290,319;343,281;396,376;406,326;312,366;377,394;366,424;365,460;
Classe2;286,367;288,315;345,271;399,373;405,315;339,340;316,359;389,390;369,413;361,458;
Classe3;289,354;275,309;343,258;412,303;413,355;346,350;288,405;311,456;415,408;378,461;
Classe3;286,363;265,308;339,256;408,300;407,360;341,343;286,408;307,461;401,413;363,459;
